[L0]
r = 0.333333333333
g = 0.666666666667
b = 1.0
w = 0.78431372549

[E0]
jog-velocity = 1.0
retract-len = 1.7
retract-vel = 25.0
filament-dia = 1.75
extrude-scale = 1.0

